chr1	16891279	16893824	BT549_H3K27_TAZvDMSO_peak_1	48	.	4.23759	10.17212	4.85101	1.40926E-05
chrY	13412733	13413239	BT549_H3K27_TAZvDMSO_peak_69	11	.	3.7063	5.91577	1.14237	0.072049339
chr1	142786746	142787819	BT549_H3K27_TAZvDMSO_peak_3	15	.	3.58009	6.33553	1.51304	0.030687393
chr1	142801830	142803310	BT549_H3K27_TAZvDMSO_peak_4	15	.	3.12264	6.36893	1.5407	0.028793867
chr20	29632785	29634372	BT549_H3K27_TAZvDMSO_peak_28	15	.	3.04682	6.38385	1.54177	0.028723013
chr3	195223689	195223988	BT549_H3K27_TAZvDMSO_peak_45	15	.	3.88579	6.46166	1.59727	0.02527726
chr4	27738	28002	BT549_H3K27_TAZvDMSO_peak_47	16	.	3.86783	6.48	1.61953	0.024014304
chr20	29591835	29593502	BT549_H3K27_TAZvDMSO_peak_25	16	.	3.51969	6.47854	1.62801	0.023549951
chr1	148848016	148848454	BT549_H3K27_TAZvDMSO_peak_12	16	.	3.41984	6.47795	1.63245	0.023310415
chr9	68477782	68478223	BT549_H3K27_TAZvDMSO_peak_60	16	.	3.9374	6.54285	1.66194	0.021780107
chr1	143429722	143430360	BT549_H3K27_TAZvDMSO_peak_10	16	.	3.46701	6.56925	1.69733	0.020075668
chr3	75747753	75748865	BT549_H3K27_TAZvDMSO_peak_44	17	.	2.57975	6.57538	1.71169	0.019422718
chr20	47131949	47132261	BT549_H3K27_TAZvDMSO_peak_29	17	.	2.24243	6.65833	1.78303	0.016480485
chr3	75679496	75680359	BT549_H3K27_TAZvDMSO_peak_39	17	.	3.59198	6.65833	1.78374	0.016453565
chrY	9950598	9951209	BT549_H3K27_TAZvDMSO_peak_65	17	.	3.37243	6.67182	1.797	0.015958791
chr3	75683892	75684851	BT549_H3K27_TAZvDMSO_peak_40	19	.	3.28978	6.88695	1.97617	0.010564039
chr10	126677171	126677424	BT549_H3K27_TAZvDMSO_peak_13	20	.	4.06242	6.94353	2.002	0.009954054
chr20	29603682	29604603	BT549_H3K27_TAZvDMSO_peak_26	21	.	3.08338	7.07927	2.14142	0.007220712
chrY	9960979	9962117	BT549_H3K27_TAZvDMSO_peak_66	21	.	3.08473	7.14339	2.19168	0.006431614
chr4	190842464	190842924	BT549_H3K27_TAZvDMSO_peak_51	22	.	3.57907	7.24984	2.28812	0.005150863
chrY	9963792	9965129	BT549_H3K27_TAZvDMSO_peak_67	24	.	3.9396	7.39135	2.4046	0.003939127
chr4	190897618	190898412	BT549_H3K27_TAZvDMSO_peak_52	24	.	3.90558	7.41776	2.42801	0.003732416
chr1	142573430	142573699	BT549_H3K27_TAZvDMSO_peak_2	25	.	4.24904	7.54253	2.5257	0.002980575
chr2	132772332	132774400	BT549_H3K27_TAZvDMSO_peak_21	25	.	4.11257	7.5408	2.53021	0.002949783
chr21	10006573	10006941	BT549_H3K27_TAZvDMSO_peak_33	25	.	4.20621	7.57987	2.56173	0.002743279
chr1	143180814	143181313	BT549_H3K27_TAZvDMSO_peak_8	26	.	4.29527	7.67792	2.64009	0.002290393
chr17	21555411	21556048	BT549_H3K27_TAZvDMSO_peak_18	26	.	4.30412	7.69127	2.65075	0.002234858
chrY	9943695	9945210	BT549_H3K27_TAZvDMSO_peak_64	26	.	4.17205	7.72235	2.69349	0.002025396
chr9	68489412	68491154	BT549_H3K27_TAZvDMSO_peak_61	27	.	4.18121	7.83545	2.7826	0.001649681
chr21	10138482	10141631	BT549_H3K27_TAZvDMSO_peak_35	27	.	4.00686	7.8344	2.79395	0.001607126
chr3	75691447	75692720	BT549_H3K27_TAZvDMSO_peak_41	29	.	3.28374	7.96867	2.90208	0.00125291
chr17	21548720	21551940	BT549_H3K27_TAZvDMSO_peak_17	29	.	4.07369	8.04649	2.97669	0.00105514
chr9	66463257	66465212	BT549_H3K27_TAZvDMSO_peak_54	32	.	2.91414	8.32412	3.21752	0.00060601
chr9	68400188	68403711	BT549_H3K27_TAZvDMSO_peak_57	32	.	3.62629	8.33644	3.22912	0.000590038
chr1	142917248	142918839	BT549_H3K27_TAZvDMSO_peak_6	32	.	4.04474	8.37931	3.26236	0.000546563
chrY	9967343	9967639	BT549_H3K27_TAZvDMSO_peak_68	37	.	4.23505	8.91207	3.73648	0.000183451
chr20	29582799	29583175	BT549_H3K27_TAZvDMSO_peak_24	37	.	3.92056	8.92813	3.73824	0.000182709
chr9	66468740	66469017	BT549_H3K27_TAZvDMSO_peak_55	37	.	3.64457	8.9509	3.76259	0.000172747
chr1	143495398	143496220	BT549_H3K27_TAZvDMSO_peak_11	38	.	4.70137	9.01912	3.8079	0.000155632
chr20	29625655	29629916	BT549_H3K27_TAZvDMSO_peak_27	38	.	3.96973	9.03033	3.83762	0.000145338
chr21	10162553	10162842	BT549_H3K27_TAZvDMSO_peak_36	42	.	4.81331	9.50759	4.24322	5.71189E-05
chr9	66470911	66471307	BT549_H3K27_TAZvDMSO_peak_56	43	.	3.28716	9.57146	4.30525	4.95165E-05
chr10	135471715	135472029	BT549_H3K27_TAZvDMSO_peak_14	47	.	4.98671	10.06647	4.74509	1.7985E-05
chr19	7515578	7515955	BT549_H3K27_TAZvDMSO_peak_20	49	.	3.60753	10.24308	4.92268	1.19487E-05
chr1	142914746	142915033	BT549_H3K27_TAZvDMSO_peak_5	49	.	5.00796	10.29923	4.95746	1.10291E-05
chr2	133018986	133020353	BT549_H3K27_TAZvDMSO_peak_22	52	.	1.71599	10.5767	5.20327	6.26224E-06
chr3	195225065	195225614	BT549_H3K27_TAZvDMSO_peak_46	57	.	4.86452	11.13762	5.73901	1.82385E-06
chr3	75736186	75738745	BT549_H3K27_TAZvDMSO_peak_43	58	.	4.75976	11.19354	5.81509	1.53077E-06
chr21	10134735	10135350	BT549_H3K27_TAZvDMSO_peak_34	58	.	5.26205	11.32696	5.86404	1.3676E-06
chr10	135474030	135474342	BT549_H3K27_TAZvDMSO_peak_15	63	.	5.51962	11.906	6.37352	4.23136E-07
chr21	9954619	9954976	BT549_H3K27_TAZvDMSO_peak_32	69	.	4.95217	12.56188	6.9728	1.06463E-07
chr1	142952213	142952614	BT549_H3K27_TAZvDMSO_peak_7	70	.	5.61603	12.64615	7.06625	8.58519E-08
chr17	45212884	45214660	BT549_H3K27_TAZvDMSO_peak_19	109	.	3.4257	16.94216	10.96045	1.09534E-11
chr22	18721151	18721415	BT549_H3K27_TAZvDMSO_peak_37	145	.	5.37866	20.82789	14.52435	2.98985E-15